     TARGET: 1
      VALUE: 0.615169
   WEIGHTED: 0.615488
