     TARGET: 1
      VALUE: 0.747653
   WEIGHTED: 0.747653
